Epoch: 0, TMR: 0.21192428469657898, TBR: 0.6285499135653178, TMP: 0.2116990884145101, TBP: 0.6281282107035319, VMR: 0.15701498091220856, VBR: 0.5134375691413879, VMP: 0.1565048024058342, VBP: 0.5126911997795105
Epoch: 1, TMR: 0.14738783240318298, TBR: 0.48968292276064557, TMP: 0.14736983676751456, TBP: 0.49006693561871845, VMR: 0.131569541990757, VBR: 0.45773111283779144, VMP: 0.13314535468816757, VBP: 0.4614871144294739
