Epoch: 0, TMR: 0.4173162579536438, TBR: 8.487154324849447, TMP: 0.4158825675646464, TBP: 8.5676220258077, VMR: 0.33731505274772644, VBR: 7.4267261028289795, VMP: 0.33392708003520966, VBP: 7.483924865722656
Epoch: 1, TMR: 0.31426751613616943, TBR: 7.037872950236003, TMP: 0.31245774030685425, TBP: 7.139480272928874, VMR: 0.27349652349948883, VBR: 6.377031087875366, VMP: 0.27703166007995605, VBP: 6.5753233432769775
