Epoch: 0, TMR: 0.05719030896822611, TBR: 0.0, TMP: 0.0636499635875225, TBP: 0.0, VMR: 0.04767823591828346, VBR: 0.0, VMP: 0.7104957401752472, VBP: 0.0
Epoch: 1, TMR: 0.07649866864085197, TBR: 0.0, TMP: 0.3634730602304141, TBP: 0.0, VMR: 0.13265445828437805, VBR: 0.0, VMP: 0.06042747385799885, VBP: 0.0
