Epoch: 0, TMR: 0.05719030896822611, TBR: 0.0, TMP: 0.0636499635875225, TBP: 0.0, VMR: 0.048656806349754333, VBR: 0.0, VMP: 0.13577023148536682, VBP: 0.0
Epoch: 1, TMR: 0.06688084950049718, TBR: 0.0, TMP: 0.1843269964059194, TBP: 0.0, VMR: 0.3854774683713913, VBR: 0.0, VMP: 0.1581616848707199, VBP: 0.0
