Epoch: 0, TMR: 0.09395736207564671, TBR: 0.0, TMP: 0.094545878469944, TBP: 0.0, VMR: 0.06402790732681751, VBR: 0.0, VMP: 0.060453083366155624, VBP: 0.0
Epoch: 1, TMR: 0.0760924369096756, TBR: 0.0, TMP: 0.07505817090471585, TBP: 0.0, VMR: 0.05379045382142067, VBR: 0.0, VMP: 0.05674166604876518, VBP: 0.0
