Epoch: 0, TMR: 0.09452047944068909, TBR: 0.0, TMP: 0.09569692984223366, TBP: 0.0, VMR: 0.04449010640382767, VBR: 0.0, VMP: 0.04483882710337639, VBP: 0.0
Epoch: 1, TMR: 0.04466265067458153, TBR: 0.0, TMP: 0.04510060325264931, TBP: 0.0, VMR: 0.04339928366243839, VBR: 0.0, VMP: 0.044051919132471085, VBP: 0.0
