Epoch: 0, TMR: 0.0, TBR: 0.0, TMP: 0.09630591670672099, TBP: 0.0, VMR: 0.0, VBR: 0.0, VMP: 0.045671118423342705, VBP: 0.0
Epoch: 1, TMR: 0.0, TBR: 0.0, TMP: 0.0446950892607371, TBP: 0.0, VMR: 0.0, VBR: 0.0, VMP: 0.04396930709481239, VBP: 0.0
