Epoch: 0, TMR: 0.07327463179826736, TBR: 0.0, TMP: 0.07009533966581026, TBP: 0.0, VMR: 0.05967804752290249, VBR: 0.0, VMP: 0.05888206586241722, VBP: 0.0
Epoch: 1, TMR: 0.056315828114748, TBR: 0.0, TMP: 0.05756490603089333, TBP: 0.0, VMR: 0.049508214369416235, VBR: 0.0, VMP: 0.051311245560646056, VBP: 0.0
