Epoch: 0, TMR: 0.4048563738663991, TBR: 8.129978974660238, TMP: 0.0, TBP: 0.0, VMR: 0.3173399567604065, VBR: 6.964826822280884, VMP: 0.0, VBP: 0.0
Epoch: 1, TMR: 0.29587775468826294, TBR: 6.59018596013387, TMP: 0.0, TBP: 0.0, VMR: 0.25938528776168823, VBR: 6.048058986663818, VMP: 0.0, VBP: 0.0
