Epoch: 0, TMR: 0.10088144242763519, TBR: 0.0, TMP: 0.1015638808409373, TBP: 0.0, VMR: 0.047213951125741005, VBR: 0.0, VMP: 0.04669994115829468, VBP: 0.0
Epoch: 1, TMR: 0.045105062425136566, TBR: 0.0, TMP: 0.045253501584132515, TBP: 0.0, VMR: 0.04285961017012596, VBR: 0.0, VMP: 0.04387117177248001, VBP: 0.0
