Epoch: 0, TMR: 0.0960859718422095, TBR: 0.0, TMP: 0.0, TBP: 0.0, VMR: 0.04552121460437775, VBR: 0.0, VMP: 0.0, VBP: 0.0
Epoch: 1, TMR: 0.04437225436170896, TBR: 0.0, TMP: 0.0, TBP: 0.0, VMR: 0.04319743625819683, VBR: 0.0, VMP: 0.0, VBP: 0.0
