Epoch: 0, TMR: 0.4181512991587321, TBR: 8.486281077067057, TMP: 0.41788922746976215, TBP: 8.596023241678873, VMR: 0.33880795538425446, VBR: 7.493164300918579, VMP: 0.3383982628583908, VBP: 7.502821683883667
Epoch: 1, TMR: 0.3161652783552806, TBR: 7.181972821553548, TMP: 0.3137724498907725, TBP: 7.075413544972737, VMR: 0.2778230607509613, VBR: 6.597223997116089, VMP: 0.27314282953739166, VBP: 6.438781261444092
