Epoch: 0, train_re: 0.3272021636366844, train_pr: 0.3224458272258441, eval_rs: 0.17280032932758332, eval_pr: 0.17363217969735464
Epoch: 1, train_re: 0.17031290183464687, train_pr: 0.16984419425328573, eval_rs: 0.17280032932758332, eval_pr: 0.17363217969735464
Epoch: 2, train_re: 0.17658321956793468, train_pr: 0.17690534840027491, eval_rs: 0.17280032932758332, eval_pr: 0.17363217969735464
