Epoch: 0, TMR: 0.0, TBR: 0.0, TMP: 0.2429416428009669, TBP: 0.6931020418802897, VMR: 0.0, VBR: 0.0, VMP: 0.24198894202709198, VBP: 0.6931047737598419
Epoch: 1, TMR: 0.0, TBR: 0.0, TMP: 0.24313571055730185, TBP: 0.6930957039197286, VMR: 0.0, VBR: 0.0, VMP: 0.24198894202709198, VBP: 0.6931047737598419
