Epoch: 0, TMR: 0.8798982898394266, TBR: 0.0, TMP: 0.8434560298919678, TBP: 0.0, VMR: 0.2888760417699814, VBR: 0.0, VMP: 0.2563187777996063, VBP: 0.0
Epoch: 1, TMR: 0.24101679027080536, TBR: 0.0, TMP: 0.23404593269030252, TBP: 0.0, VMR: 0.20104246586561203, VBR: 0.0, VMP: 0.21080918610095978, VBP: 0.0
