Epoch: 0, TMR: 0.16042546480894088, TBR: 0.5186228960752487, TMP: 0.0, TBP: 0.0, VMR: 0.09400741010904312, VBR: 0.3752208769321442, VMP: 0.0, VBP: 0.0
Epoch: 1, TMR: 0.094111617654562, TBR: 0.37583556175231936, TMP: 0.0, TBP: 0.0, VMR: 0.09341410100460053, VBR: 0.37378488183021547, VMP: 0.0, VBP: 0.0
Epoch: 2, TMR: 0.09241600707173347, TBR: 0.37148169577121737, TMP: 0.0, TBP: 0.0, VMR: 0.09305098801851272, VBR: 0.37302706837654115, VMP: 0.0, VBP: 0.0
Epoch: 3, TMR: 0.09290942326188087, TBR: 0.3725224256515503, TMP: 0.0, TBP: 0.0, VMR: 0.0930394023656845, VBR: 0.37300077080726624, VMP: 0.0, VBP: 0.0
