Epoch: 0, TMR: 0.8947621385256449, TBR: 0.0, TMP: 0.8869196772575378, TBP: 0.0, VMR: 0.3370738923549652, VBR: 0.0, VMP: 0.3288539797067642, VBP: 0.0
Epoch: 1, TMR: 0.2711104055245717, TBR: 0.0, TMP: 0.26971035202344257, TBP: 0.0, VMR: 0.21452456712722778, VBR: 0.0, VMP: 0.21100310236215591, VBP: 0.0
