Epoch: 0, TMR: 0.23865671455860138, TBR: 0.6843465566635132, TMP: 0.0, TBP: 0.0, VMR: 0.19012892246246338, VBR: 0.5868295133113861, VMP: 0.0, VBP: 0.0
Epoch: 1, TMR: 0.14339020599921545, TBR: 0.48251214623451233, TMP: 0.0, TBP: 0.0, VMR: 0.10274470970034599, VBR: 0.39616771042346954, VMP: 0.0, VBP: 0.0
