Epoch: 0, TMR: 0.2188472499450048, TBR: 0.6440551479657491, TMP: 0.0, TBP: 0.0, VMR: 0.12182662636041641, VBR: 0.43906135857105255, VMP: 0.0, VBP: 0.0
Epoch: 1, TMR: 0.11473576227823894, TBR: 0.4199829002221425, TMP: 0.0, TBP: 0.0, VMR: 0.09536746516823769, VBR: 0.380477637052536, VMP: 0.0, VBP: 0.0
