Epoch: 0, TMR: 0.8820047378540039, TBR: 0.0, TMP: 0.848019003868103, TBP: 0.0, VMR: 0.3108323812484741, VBR: 0.0, VMP: 0.2792884558439255, VBP: 0.0
Epoch: 1, TMR: 0.2588398257891337, TBR: 0.0, TMP: 0.2523483981688817, TBP: 0.0, VMR: 0.20779699087142944, VBR: 0.0, VMP: 0.2177736461162567, VBP: 0.0
