Epoch: 0, TMR: 0.0, TBR: 0.0, TMP: 0.8714990218480428, TBP: 0.0, VMR: 0.0, VBR: 0.0, VMP: 0.2816561907529831, VBP: 0.0
Epoch: 1, TMR: 0.0, TBR: 0.0, TMP: 0.23856759071350098, TBP: 0.0, VMR: 0.0, VBR: 0.0, VMP: 0.20576661825180054, VBP: 0.0
