Epoch: 0, TMR: 0.0, TBR: 0.0, TMP: 0.21354261537392935, TBP: 0.6329073905944824, VMR: 0.0, VBR: 0.0, VMP: 0.1198924221098423, VBP: 0.4346112012863159
Epoch: 1, TMR: 0.0, TBR: 0.0, TMP: 0.11132364720106125, TBP: 0.41302279631296795, VMR: 0.0, VBR: 0.0, VMP: 0.09544355422258377, VBP: 0.38094232976436615
