Epoch: 0, TMR: 0.0, TBR: 0.0, TMP: 0.8741767207781473, TBP: 0.0, VMR: 0.0, VBR: 0.0, VMP: 0.3034271001815796, VBP: 0.0
Epoch: 1, TMR: 0.0, TBR: 0.0, TMP: 0.25701409081617993, TBP: 0.0, VMR: 0.0, VBR: 0.0, VMP: 0.21149816364049911, VBP: 0.0
