Epoch: 0, TMR: 0.0, TBR: 0.0, TMP: 0.8871224323908488, TBP: 0.0, VMR: 0.0, VBR: 0.0, VMP: 0.32791855931282043, VBP: 0.0
Epoch: 1, TMR: 0.0, TBR: 0.0, TMP: 0.2682072768608729, TBP: 0.0, VMR: 0.0, VBR: 0.0, VMP: 0.21355274319648743, VBP: 0.0
