Epoch: 0, TMR: 0.0, TBR: 0.0, TMP: 0.24729019900163016, TBP: 0.702179749806722, VMR: 0.0, VBR: 0.0, VMP: 0.24617067724466324, VBP: 0.7018352150917053
Epoch: 1, TMR: 0.0, TBR: 0.0, TMP: 0.24746975799401602, TBP: 0.7021524508794149, VMR: 0.0, VBR: 0.0, VMP: 0.24617067724466324, VBP: 0.7018352150917053
