Epoch: 0, TMR: 0.0, TBR: 0.0, TMP: 0.21887120107809702, TBP: 0.6442938645680746, VMR: 0.0, VBR: 0.0, VMP: 0.12162021920084953, VBP: 0.4390738606452942
Epoch: 1, TMR: 0.0, TBR: 0.0, TMP: 0.11469034105539322, TBP: 0.42043055097262066, VMR: 0.0, VBR: 0.0, VMP: 0.09517840668559074, VBP: 0.38057467341423035
