Epoch: 0, TMR: 0.23946626484394073, TBR: 0.6859641075134277, TMP: 0.23856235047181448, TBP: 0.6843384901682535, VMR: 0.19810865819454193, VBR: 0.6036879420280457, VMP: 0.18956608325242996, VBP: 0.586096316576004
Epoch: 1, TMR: 0.14765290667613348, TBR: 0.4918724199136098, TMP: 0.14381801088651022, TBP: 0.4839194416999817, VMR: 0.10080693662166595, VBR: 0.392112672328949, VMP: 0.10367346927523613, VBP: 0.3986538052558899
