Epoch: 0, TMR: 0.21513247986634573, TBR: 0.636181096235911, TMP: 0.2089741180340449, TBP: 0.6233561436335245, VMR: 0.1201849989593029, VBR: 0.434953898191452, VMP: 0.10733240842819214, VBP: 0.4077979773283005
Epoch: 1, TMR: 0.11184685428937276, TBR: 0.41362374027570087, TMP: 0.10297170529762904, TBP: 0.3951396147410075, VMR: 0.09492166712880135, VBR: 0.37937651574611664, VMP: 0.09652655199170113, VBP: 0.38320495188236237
