Epoch: 0, TMR: 0.21337854862213135, TBR: 0.6323896646499634, TMP: 0.0, TBP: 0.0, VMR: 0.11978286504745483, VBR: 0.43386758863925934, VMP: 0.0, VBP: 0.0
Epoch: 1, TMR: 0.1110939309000969, TBR: 0.411972443262736, TMP: 0.0, TBP: 0.0, VMR: 0.09540609270334244, VBR: 0.38036268949508667, VMP: 0.0, VBP: 0.0
