Epoch: 0, TMR: 0.23782101025183996, TBR: 0.0, TMP: 0.23103598256905875, TBP: 0.0, VMR: 0.05805959776043892, VBR: 0.0, VMP: 0.05931689776480198, VBP: 0.0
Epoch: 1, TMR: 0.05287671039501826, TBR: 0.0, TMP: 0.053184966742992404, TBP: 0.0, VMR: 0.043098367378115655, VBR: 0.0, VMP: 0.046765562146902084, VBP: 0.0
