Epoch: 0, TMR: 0.03984232304824723, TBR: 0.0, TMP: 0.03987220637500286, TBP: 0.0, VMR: 0.038529621064662935, VBR: 0.0, VMP: 0.038306995667517184, VBP: 0.0
Epoch: 1, TMR: 0.03919969459788667, TBR: 0.0, TMP: 0.039411454026897746, TBP: 0.0, VMR: 0.036798921041190626, VBR: 0.0, VMP: 0.03755277693271637, VBP: 0.0
