Epoch: 0, TMR: 0.2400576430062453, TBR: 0.0, TMP: 0.2441483234365781, TBP: 0.0, VMR: 0.05475369393825531, VBR: 0.0, VMP: 0.05459977835416794, VBP: 0.0
Epoch: 1, TMR: 0.05151052623987198, TBR: 0.0, TMP: 0.05046596874793371, TBP: 0.0, VMR: 0.04552595168352127, VBR: 0.0, VMP: 0.04599087070673704, VBP: 0.0
