Epoch: 0, TMR: 0.11942300250132878, TBR: 0.0, TMP: 0.2033832127849261, TBP: 0.0, VMR: 0.045537829771637915, VBR: 0.0, VMP: 0.07012762054800988, VBP: 0.0
Epoch: 1, TMR: 0.045900536825259526, TBR: 0.0, TMP: 0.05842673530181249, TBP: 0.0, VMR: 0.04066246449947357, VBR: 0.0, VMP: 0.04608493968844414, VBP: 0.0
