Epoch: 0, TMR: 0.29422186811765033, TBR: 0.8327559431393942, TMP: 0.2883872489134471, TBP: 0.8160775899887085, VMR: 0.29340843856334686, VBR: 0.832884818315506, VMP: 0.28793153166770935, VBP: 0.8175766170024872
Epoch: 1, TMR: 0.29465630650520325, TBR: 0.8329817255338033, TMP: 0.2888291577498118, TBP: 0.8166841069857279, VMR: 0.29340843856334686, VBR: 0.832884818315506, VMP: 0.28793153166770935, VBP: 0.8175766170024872
