Epoch: 0, TMR: 0.2952016294002533, TBR: 0.8323155840237936, TMP: 0.0, TBP: 0.0, VMR: 0.29439882934093475, VBR: 0.8322765231132507, VMP: 0.0, VBP: 0.0
Epoch: 1, TMR: 0.2951563795407613, TBR: 0.8312950929005941, TMP: 0.0, TBP: 0.0, VMR: 0.29439882934093475, VBR: 0.8322765231132507, VMP: 0.0, VBP: 0.0
