Epoch: 0, TMR: 0.24113862216472626, TBR: 0.689291516939799, TMP: 0.2406636824210485, TBP: 0.6885066827138265, VMR: 0.22015853971242905, VBR: 0.6488812863826752, VMP: 0.21239828318357468, VBP: 0.6335964202880859
Epoch: 1, TMR: 0.1737667148311933, TBR: 0.5481707553068796, TMP: 0.1633644849061966, TBP: 0.526414692401886, VMR: 0.10530418530106544, VBR: 0.4017559140920639, VMP: 0.10156168788671494, VBP: 0.3941996097564697
