Epoch: 0, TMR: 0.0, TBR: 0.0, TMP: 0.2949308256308238, TBP: 0.8319737911224365, VMR: 0.0, VBR: 0.0, VMP: 0.2941051572561264, VBP: 0.8319835364818573
Epoch: 1, TMR: 0.0, TBR: 0.0, TMP: 0.29529256621996564, TBP: 0.8323339819908142, VMR: 0.0, VBR: 0.0, VMP: 0.2941051572561264, VBP: 0.8319835364818573
