Epoch: 0, TMR: 0.8879388372103373, TBR: 0.0, TMP: 0.0, TBP: 0.0, VMR: 0.3273595869541168, VBR: 0.0, VMP: 0.0, VBP: 0.0
Epoch: 1, TMR: 0.2680995414654414, TBR: 0.0, TMP: 0.0, TBP: 0.0, VMR: 0.21292971819639206, VBR: 0.0, VMP: 0.0, VBP: 0.0
