Epoch: 0, TMR: 0.886238177617391, TBR: 0.0, TMP: 0.0, TBP: 0.0, VMR: 0.3036784529685974, VBR: 0.0, VMP: 0.0, VBP: 0.0
Epoch: 1, TMR: 0.24870711068312326, TBR: 0.0, TMP: 0.0, TBP: 0.0, VMR: 0.20696412026882172, VBR: 0.0, VMP: 0.0, VBP: 0.0
