Epoch: 0, TMR: 0.22051463027795157, TBR: 0.6475474834442139, TMP: 0.2145559142033259, TBP: 0.6353921294212341, VMR: 0.12342631444334984, VBR: 0.44278405606746674, VMP: 0.10796285420656204, VBP: 0.40988922119140625
Epoch: 1, TMR: 0.11575937519470851, TBR: 0.4222777783870697, TMP: 0.10195118188858032, TBP: 0.3932209014892578, VMR: 0.09775714948773384, VBR: 0.38560549914836884, VMP: 0.09420640766620636, VBP: 0.3783535957336426
