Epoch: 0, TMR: 0.8750319282213846, TBR: 0.0, TMP: 0.0, TBP: 0.0, VMR: 0.3036813288927078, VBR: 0.0, VMP: 0.0, VBP: 0.0
Epoch: 1, TMR: 0.25763293107350665, TBR: 0.0, TMP: 0.0, TBP: 0.0, VMR: 0.20891302078962326, VBR: 0.0, VMP: 0.0, VBP: 0.0
