Epoch: 0, TMR: 0.8934921224912008, TBR: 0.0, TMP: 0.8851540684700012, TBP: 0.0, VMR: 0.3141048401594162, VBR: 0.0, VMP: 0.30581504106521606, VBP: 0.0
Epoch: 1, TMR: 0.2521277417739232, TBR: 0.0, TMP: 0.2514821986357371, TBP: 0.0, VMR: 0.20870431512594223, VBR: 0.0, VMP: 0.20782915502786636, VBP: 0.0
