Epoch: 0, TMR: 0.0, TBR: 0.0, TMP: 0.8853854537010193, TBP: 0.0, VMR: 0.0, VBR: 0.0, VMP: 0.30425652861595154, VBP: 0.0
Epoch: 1, TMR: 0.0, TBR: 0.0, TMP: 0.2492510030666987, TBP: 0.0, VMR: 0.0, VBR: 0.0, VMP: 0.20873519778251648, VBP: 0.0
