Epoch: 0, TMR: 0.29183850685755414, TBR: 0.8249984979629517, TMP: 0.29676177104314166, TBP: 0.839894692103068, VMR: 0.29069195687770844, VBR: 0.8245837986469269, VMP: 0.2962748855352402, VBP: 0.8411760330200195
Epoch: 1, TMR: 0.29222697019577026, TBR: 0.8250408172607422, TMP: 0.29717182119687396, TBP: 0.8404036362965902, VMR: 0.29069195687770844, VBR: 0.8245837986469269, VMP: 0.2962748855352402, VBP: 0.8411760330200195
