Epoch: 0, TMR: 0.24072429041067758, TBR: 0.6884673237800598, TMP: 0.0, TBP: 0.0, VMR: 0.21289943903684616, VBR: 0.6341543197631836, VMP: 0.0, VBP: 0.0
Epoch: 1, TMR: 0.16394157459338507, TBR: 0.527114729086558, TMP: 0.0, TBP: 0.0, VMR: 0.10211055353283882, VBR: 0.39487941563129425, VMP: 0.0, VBP: 0.0
