Epoch: 0, TMR: 0.8723958929379781, TBR: 0.0, TMP: 0.0, TBP: 0.0, VMR: 0.2810802608728409, VBR: 0.0, VMP: 0.0, VBP: 0.0
Epoch: 1, TMR: 0.23924503723780313, TBR: 0.0, TMP: 0.0, TBP: 0.0, VMR: 0.20186246931552887, VBR: 0.0, VMP: 0.0, VBP: 0.0
