Epoch: 0, train ls: 0.03583697453141212, eval ls: 0.03443865527709325
Epoch: 1, train ls: 0.03536014954249064, eval ls: 0.03396055698394775
Epoch: 2, train ls: 0.03139533667514722, eval ls: 0.030965083340803782