Epoch: 0, train ls: 0.03950233186284701, eval ls: 0.038340917726357775
Epoch: 1, train ls: 0.03758316139380137, eval ls: 0.03788564925392469
