Epoch: 0, train loss: 0.038667300964395204, eval loss: 0.037765941893061004
Epoch: 1, train loss: 0.03659273808201154, eval loss: 0.035389104237159096
Epoch: 2, train loss: 0.034583510582645735, eval loss: 0.03329953116675218
