Epoch: 0, TMR: 0.09910511962241597, TBR: 0.3860908064577315, TMP: 0.0, TBP: 0.0, VMR: 0.09321893081068992, VBR: 0.37363925874233245, VMP: 0.0, VBP: 0.0
Epoch: 1, TMR: 0.09447881099250581, TBR: 0.37688610785537296, TMP: 0.0, TBP: 0.0, VMR: 0.09320698603987694, VBR: 0.3736104965209961, VMP: 0.0, VBP: 0.0
Epoch: 2, TMR: 0.09361323970887396, TBR: 0.3742624216609531, TMP: 0.0, TBP: 0.0, VMR: 0.0931646168231964, VBR: 0.37351838648319247, VMP: 0.0, VBP: 0.0
Epoch: 3, TMR: 0.09360242601897982, TBR: 0.3744909147421519, TMP: 0.0, TBP: 0.0, VMR: 0.09316461160779, VBR: 0.3735183835029602, VMP: 0.0, VBP: 0.0
