Epoch: 0, TMR: 0.055560980240503946, TBR: 0.0, TMP: 0.055608852704366045, TBP: 0.0, VMR: 0.041318634524941444, VBR: 0.0, VMP: 0.04145099874585867, VBP: 0.0
Epoch: 1, TMR: 0.04477665449182192, TBR: 0.0, TMP: 0.04553730289141337, TBP: 0.0, VMR: 0.04073849879205227, VBR: 0.0, VMP: 0.04152145981788635, VBP: 0.0
